GEOMETRY logicalWidth=512.0 logicalHeight=384.0 playerMinX=24.0 playerMaxX=544.0 bulletW=16.0 bulletH=2.0 muzzleX=34.0 cullMaxX=594.0 cullMinX=-50.0 grenadeW=16.0 grenadeThrowX=4.0 grenadeCullMaxX=564.0 grenadeCullMinX=-20.0 footInset=3.0 defaultGroundY=96.0 pistonTravel=64.0 pistonHitXInset=3.0 pistonHitWidth=42.0 pistonNodeH=64.0
BEAMPOOL sharedHitPoints=25 aliveAfter24=true destroyHitIndex=25 notifyCount=1 isActiveAfter=false extraHit=false remaining=0
PLANESRC map=L01S01.tmx cells=32 plane=96
RECTS map=L01S01.tmx count=1 coords=0.0,80.0,512.0,16.0
SPAWN map=L01S01.tmx markerX=64 markerFeet=96 spawnFeet=96 plane=96 windowTops=[96]
PLANESRC map=L01S02.tmx cells=32 plane=96
RECTS map=L01S02.tmx count=1 coords=0.0,80.0,512.0,16.0
SPAWN map=L01S02.tmx markerX=0 markerFeet=96 spawnFeet=96 plane=96 windowTops=[96]
PLANESRC map=L01S03.tmx cells=72 plane=96
RECTS map=L01S03.tmx count=8 coords=352.0,192.0,208.0,16.0;352.0,176.0,64.0,16.0;352.0,160.0,64.0,16.0;352.0,144.0,64.0,16.0;352.0,128.0,64.0,16.0;352.0,112.0,64.0,16.0;352.0,96.0,64.0,16.0;0.0,80.0,560.0,16.0
SPAWN map=L01S03.tmx markerX=0 markerFeet=96 spawnFeet=96 plane=96 windowTops=[96]
PISTON map=L01S03.tmx x=432 markerY=96 groundY=96
PLANESRC map=L01S04.tmx cells=46 plane=96
RECTS map=L01S04.tmx count=3 coords=0.0,192.0,112.0,16.0;0.0,176.0,112.0,16.0;0.0,80.0,512.0,16.0
SPAWN map=L01S04.tmx markerX=0 markerFeet=208 spawnFeet=208 plane=96 windowTops=[192;208]
PLANESRC map=L01S05.tmx cells=32 plane=96
RECTS map=L01S05.tmx count=1 coords=0.0,80.0,512.0,16.0
SPAWN map=L01S05.tmx markerX=0 markerFeet=96 spawnFeet=96 plane=96 windowTops=[96]
PLANESRC map=L01S06.tmx cells=35 plane=48
RECTS map=L01S06.tmx count=4 coords=0.0,80.0,304.0,16.0;288.0,64.0,16.0,16.0;288.0,48.0,224.0,16.0;288.0,32.0,16.0,16.0
SPAWN map=L01S06.tmx markerX=0 markerFeet=96 spawnFeet=96 plane=48 windowTops=[96]
PLANESRC map=L01S07.tmx cells=72 plane=64
RECTS map=L01S07.tmx count=5 coords=144.0,240.0,368.0,16.0;144.0,208.0,64.0,16.0;304.0,208.0,64.0,16.0;368.0,80.0,144.0,16.0;0.0,48.0,512.0,16.0
SPAWN map=L01S07.tmx markerX=0 markerFeet=64 spawnFeet=64 plane=64 windowTops=[64]
PLANESRC map=L01S08.tmx cells=60 plane=80
RECTS map=L01S08.tmx count=7 coords=0.0,240.0,112.0,16.0;224.0,240.0,64.0,16.0;384.0,240.0,128.0,16.0;64.0,208.0,64.0,16.0;384.0,208.0,64.0,16.0;0.0,80.0,112.0,16.0;96.0,64.0,416.0,16.0
SPAWN map=L01S08.tmx markerX=0 markerFeet=256 spawnFeet=256 plane=80 windowTops=[256]
PLANESRC map=L01S09.tmx cells=55 plane=64
RECTS map=L01S09.tmx count=6 coords=80.0,208.0,128.0,16.0;336.0,128.0,64.0,16.0;336.0,112.0,64.0,16.0;336.0,96.0,64.0,16.0;0.0,64.0,304.0,16.0;304.0,48.0,256.0,16.0
SPAWN map=L01S09.tmx markerX=0 markerFeet=64 spawnFeet=80 plane=64 windowTops=[80]
PLANESRC map=L01S10.tmx cells=80 plane=48
RECTS map=L01S10.tmx count=9 coords=368.0,192.0,80.0,16.0;368.0,176.0,80.0,16.0;368.0,160.0,80.0,16.0;368.0,144.0,80.0,16.0;368.0,128.0,80.0,16.0;272.0,80.0,288.0,16.0;272.0,64.0,288.0,16.0;0.0,48.0,288.0,16.0;272.0,32.0,16.0,16.0
SPAWN map=L01S10.tmx markerX=0 markerFeet=64 spawnFeet=64 plane=48 windowTops=[64]
PISTON map=L01S10.tmx x=192 markerY=64 groundY=64
PISTON map=L01S10.tmx x=64 markerY=64 groundY=64
PLANESRC map=L01S11.tmx cells=120 plane=80
RECTS map=L01S11.tmx count=11 coords=0.0,240.0,512.0,16.0;16.0,192.0,48.0,16.0;464.0,192.0,48.0,16.0;16.0,176.0,48.0,16.0;464.0,176.0,48.0,16.0;16.0,160.0,48.0,16.0;464.0,160.0,48.0,16.0;16.0,144.0,48.0,16.0;464.0,144.0,48.0,16.0;0.0,80.0,512.0,16.0;0.0,64.0,512.0,16.0
SPAWN map=L01S11.tmx markerX=0 markerFeet=64 spawnFeet=80 plane=80 windowTops=[80]
PLANESRC map=L01S12.tmx cells=101 plane=48
RECTS map=L01S12.tmx count=15 coords=0.0,240.0,112.0,16.0;80.0,192.0,48.0,16.0;80.0,176.0,48.0,16.0;80.0,160.0,48.0,16.0;80.0,144.0,48.0,16.0;256.0,128.0,64.0,16.0;256.0,112.0,64.0,16.0;256.0,96.0,64.0,16.0;0.0,80.0,176.0,16.0;384.0,80.0,176.0,16.0;0.0,64.0,176.0,16.0;384.0,64.0,176.0,16.0;160.0,48.0,384.0,16.0;160.0,32.0,16.0,16.0;384.0,32.0,16.0,16.0
SPAWN map=L01S12.tmx markerX=0 markerFeet=64 spawnFeet=80 plane=48 windowTops=[80]
PLANESRC map=L01S13.tmx cells=112 plane=48
RECTS map=L01S13.tmx count=10 coords=320.0,176.0,240.0,16.0;320.0,144.0,240.0,16.0;320.0,128.0,48.0,16.0;320.0,112.0,48.0,16.0;320.0,96.0,48.0,16.0;0.0,80.0,176.0,16.0;320.0,80.0,48.0,16.0;0.0,64.0,176.0,16.0;160.0,48.0,384.0,16.0;160.0,32.0,384.0,16.0
SPAWN map=L01S13.tmx markerX=0 markerFeet=64 spawnFeet=80 plane=48 windowTops=[80]
PLANESRC map=L01S14.tmx cells=122 plane=48
RECTS map=L01S14.tmx count=8 coords=0.0,176.0,512.0,16.0;0.0,144.0,512.0,16.0;224.0,128.0,48.0,16.0;224.0,112.0,48.0,16.0;224.0,96.0,48.0,16.0;224.0,80.0,48.0,16.0;0.0,48.0,368.0,16.0;0.0,32.0,368.0,16.0
SPAWN map=L01S14.tmx markerX=0 markerFeet=64 spawnFeet=64 plane=48 windowTops=[48;64]
PISTON map=L01S14.tmx x=96 markerY=0 groundY=64
PLANESRC map=L01S15.tmx cells=140 plane=48
RECTS map=L01S15.tmx count=14 coords=0.0,176.0,512.0,16.0;0.0,144.0,512.0,16.0;64.0,128.0,48.0,16.0;416.0,128.0,48.0,16.0;64.0,112.0,48.0,16.0;416.0,112.0,48.0,16.0;64.0,96.0,48.0,16.0;416.0,96.0,48.0,16.0;64.0,80.0,48.0,16.0;416.0,80.0,48.0,16.0;0.0,48.0,80.0,16.0;224.0,48.0,336.0,16.0;0.0,32.0,80.0,16.0;224.0,32.0,336.0,16.0
SPAWN map=L01S15.tmx markerX=0 markerFeet=64 spawnFeet=64 plane=48 windowTops=[48;64]
PISTON map=L01S15.tmx x=128 markerY=0 groundY=48
PISTON map=L01S15.tmx x=240 markerY=0 groundY=64
PISTON map=L01S15.tmx x=352 markerY=0 groundY=64
PLANESRC map=L01S16.tmx cells=84 plane=48
RECTS map=L01S16.tmx count=11 coords=0.0,176.0,112.0,16.0;0.0,144.0,112.0,16.0;64.0,128.0,48.0,16.0;400.0,128.0,64.0,16.0;64.0,112.0,48.0,16.0;400.0,112.0,64.0,16.0;64.0,96.0,48.0,16.0;400.0,96.0,64.0,16.0;64.0,80.0,48.0,16.0;0.0,48.0,368.0,16.0;0.0,32.0,368.0,16.0
SPAWN map=L01S16.tmx markerX=0 markerFeet=64 spawnFeet=64 plane=48 windowTops=[48;64]
PLANESRC map=L01S17.tmx cells=26 plane=80
RECTS map=L01S17.tmx count=1 coords=144.0,64.0,416.0,16.0
SPAWN map=L01S17.tmx markerX=0 markerFeet=64 spawnFeet=64 plane=80 windowTops=[]
PLANESRC map=L01S18.tmx cells=64 plane=80
RECTS map=L01S18.tmx count=4 coords=0.0,240.0,256.0,16.0;0.0,224.0,128.0,16.0;208.0,224.0,128.0,16.0;0.0,64.0,512.0,16.0
SPAWN map=L01S18.tmx markerX=0 markerFeet=64 spawnFeet=80 plane=80 windowTops=[80]
PISTON map=L01S18.tmx x=288 markerY=16 groundY=80
PLANESRC map=L01S19.tmx cells=110 plane=48
RECTS map=L01S19.tmx count=14 coords=352.0,336.0,208.0,16.0;352.0,304.0,48.0,16.0;352.0,288.0,48.0,16.0;352.0,272.0,48.0,16.0;352.0,256.0,48.0,16.0;256.0,224.0,304.0,16.0;256.0,192.0,48.0,16.0;256.0,176.0,48.0,16.0;256.0,160.0,48.0,16.0;256.0,144.0,48.0,16.0;240.0,80.0,320.0,16.0;0.0,64.0,512.0,16.0;240.0,48.0,16.0,16.0;240.0,32.0,16.0,16.0
SPAWN map=L01S19.tmx markerX=0 markerFeet=64 spawnFeet=80 plane=48 windowTops=[80]
PLANESRC map=L01S20.tmx cells=198 plane=80
RECTS map=L01S20.tmx count=20 coords=0.0,336.0,368.0,16.0;0.0,320.0,368.0,16.0;64.0,304.0,48.0,16.0;400.0,304.0,48.0,16.0;64.0,288.0,48.0,16.0;400.0,288.0,48.0,16.0;64.0,272.0,48.0,16.0;400.0,272.0,48.0,16.0;64.0,256.0,48.0,16.0;400.0,256.0,48.0,16.0;0.0,224.0,96.0,16.0;240.0,224.0,320.0,16.0;0.0,208.0,96.0,16.0;240.0,208.0,320.0,16.0;240.0,192.0,48.0,16.0;240.0,176.0,48.0,16.0;240.0,160.0,48.0,16.0;240.0,144.0,48.0,16.0;0.0,80.0,512.0,16.0;0.0,64.0,512.0,16.0
SPAWN map=L01S20.tmx markerX=0 markerFeet=64 spawnFeet=80 plane=80 windowTops=[80]
PLANESRC map=L01S21.tmx cells=192 plane=80
RECTS map=L01S21.tmx count=18 coords=0.0,336.0,368.0,16.0;0.0,320.0,368.0,16.0;224.0,304.0,48.0,16.0;224.0,288.0,48.0,16.0;224.0,272.0,48.0,16.0;224.0,256.0,48.0,16.0;0.0,224.0,368.0,16.0;0.0,208.0,368.0,16.0;16.0,192.0,48.0,16.0;464.0,192.0,48.0,16.0;16.0,176.0,48.0,16.0;464.0,176.0,48.0,16.0;16.0,160.0,48.0,16.0;464.0,160.0,48.0,16.0;16.0,144.0,48.0,16.0;464.0,144.0,48.0,16.0;0.0,80.0,512.0,16.0;0.0,64.0,512.0,16.0
SPAWN map=L01S21.tmx markerX=0 markerFeet=64 spawnFeet=80 plane=80 windowTops=[80]
PISTON map=L01S21.tmx x=128 markerY=32 groundY=96
PISTON map=L01S21.tmx x=336 markerY=32 groundY=96
PLANESRC map=L01S22.tmx cells=94 plane=80
RECTS map=L01S22.tmx count=12 coords=96.0,304.0,48.0,16.0;96.0,288.0,48.0,16.0;96.0,272.0,48.0,16.0;96.0,256.0,48.0,16.0;0.0,224.0,48.0,16.0;0.0,208.0,48.0,16.0;160.0,192.0,48.0,16.0;160.0,176.0,48.0,16.0;160.0,160.0,48.0,16.0;160.0,144.0,48.0,16.0;0.0,80.0,512.0,16.0;0.0,64.0,512.0,16.0
SPAWN map=L01S22.tmx markerX=0 markerFeet=64 spawnFeet=80 plane=80 windowTops=[80]
PLANESRC map=L01S23.tmx cells=100 plane=80
RECTS map=L01S23.tmx count=11 coords=128.0,160.0,80.0,16.0;224.0,160.0,80.0,16.0;128.0,144.0,80.0,16.0;224.0,144.0,80.0,16.0;128.0,128.0,80.0,16.0;224.0,128.0,80.0,16.0;432.0,128.0,64.0,16.0;416.0,112.0,96.0,16.0;400.0,96.0,128.0,16.0;0.0,80.0,320.0,16.0;0.0,64.0,512.0,16.0
SPAWN map=L01S23.tmx markerX=0 markerFeet=64 spawnFeet=80 plane=80 windowTops=[80]
PLANESRC map=L01S24.tmx cells=121 plane=80
RECTS map=L01S24.tmx count=12 coords=224.0,336.0,80.0,16.0;224.0,320.0,80.0,16.0;224.0,304.0,80.0,16.0;208.0,256.0,352.0,16.0;208.0,240.0,352.0,16.0;208.0,224.0,128.0,16.0;464.0,224.0,96.0,16.0;416.0,128.0,64.0,16.0;416.0,112.0,64.0,16.0;400.0,96.0,64.0,16.0;400.0,80.0,64.0,16.0;0.0,64.0,512.0,16.0
SPAWN map=L01S24.tmx markerX=0 markerFeet=64 spawnFeet=80 plane=80 windowTops=[80]
PISTON map=L01S24.tmx x=80 markerY=16 groundY=80
PLANESRC map=L01S25.tmx cells=32 plane=80
RECTS map=L01S25.tmx count=1 coords=0.0,64.0,512.0,16.0
SPAWN map=L01S25.tmx markerX=0 markerFeet=64 spawnFeet=80 plane=80 windowTops=[80]
PLANESRC map=L02S01.tmx cells=174 plane=80
RECTS map=L02S01.tmx count=35 coords=0.0,368.0,512.0,16.0;80.0,320.0,80.0,16.0;176.0,320.0,64.0,16.0;352.0,320.0,80.0,16.0;80.0,304.0,64.0,16.0;160.0,304.0,80.0,16.0;352.0,304.0,64.0,16.0;432.0,304.0,16.0,16.0;80.0,288.0,64.0,16.0;176.0,288.0,64.0,16.0;352.0,288.0,64.0,16.0;448.0,288.0,16.0,16.0;64.0,272.0,80.0,16.0;176.0,272.0,64.0,16.0;336.0,272.0,80.0,16.0;464.0,272.0,16.0,16.0;48.0,256.0,16.0,16.0;176.0,256.0,64.0,16.0;320.0,256.0,16.0,16.0;480.0,256.0,16.0,16.0;32.0,240.0,16.0,16.0;176.0,240.0,64.0,16.0;304.0,240.0,16.0,16.0;496.0,240.0,16.0,16.0;176.0,224.0,64.0,16.0;176.0,208.0,64.0,16.0;176.0,192.0,64.0,16.0;176.0,176.0,64.0,16.0;176.0,128.0,64.0,16.0;256.0,128.0,64.0,16.0;176.0,112.0,64.0,16.0;256.0,112.0,64.0,16.0;176.0,96.0,64.0,16.0;256.0,96.0,64.0,16.0;0.0,64.0,512.0,16.0
SPAWN map=L02S01.tmx markerX=0 markerFeet=64 spawnFeet=80 plane=80 windowTops=[80]
PLANESRC map=L02S02.tmx cells=98 plane=80
RECTS map=L02S02.tmx count=19 coords=0.0,368.0,176.0,16.0;80.0,320.0,80.0,16.0;80.0,304.0,64.0,16.0;160.0,304.0,16.0,16.0;80.0,288.0,64.0,16.0;176.0,288.0,16.0,16.0;64.0,272.0,80.0,16.0;192.0,272.0,16.0,16.0;48.0,256.0,16.0,16.0;208.0,256.0,16.0,16.0;32.0,240.0,16.0,16.0;224.0,240.0,16.0,16.0;176.0,144.0,80.0,16.0;272.0,144.0,80.0,16.0;176.0,128.0,80.0,16.0;272.0,128.0,80.0,16.0;176.0,112.0,80.0,16.0;272.0,112.0,80.0,16.0;0.0,64.0,512.0,16.0
SPAWN map=L02S02.tmx markerX=0 markerFeet=64 spawnFeet=80 plane=80 windowTops=[80]
PLANESRC map=L02S03.tmx cells=46 plane=80
RECTS map=L02S03.tmx count=6 coords=464.0,160.0,96.0,16.0;384.0,144.0,128.0,16.0;304.0,128.0,128.0,16.0;224.0,112.0,128.0,16.0;144.0,96.0,128.0,16.0;0.0,64.0,128.0,16.0
SPAWN map=L02S03.tmx markerX=0 markerFeet=64 spawnFeet=80 plane=80 windowTops=[80]
PLANESRC map=L02S04.tmx cells=39 plane=64
RECTS map=L02S04.tmx count=3 coords=32.0,160.0,128.0,16.0;192.0,160.0,128.0,16.0;0.0,48.0,368.0,16.0
SPAWN map=L02S04.tmx markerX=0 markerFeet=64 spawnFeet=64 plane=64 windowTops=[64]
PLANESRC map=L02S05.tmx cells=213 plane=64
RECTS map=L02S05.tmx count=22 coords=96.0,368.0,368.0,16.0;96.0,352.0,368.0,16.0;96.0,336.0,64.0,16.0;240.0,336.0,64.0,16.0;384.0,336.0,64.0,16.0;96.0,320.0,64.0,16.0;240.0,320.0,64.0,16.0;384.0,320.0,64.0,16.0;96.0,304.0,64.0,16.0;240.0,304.0,64.0,16.0;384.0,304.0,64.0,16.0;96.0,288.0,64.0,16.0;240.0,288.0,64.0,16.0;384.0,288.0,64.0,16.0;0.0,272.0,368.0,16.0;0.0,256.0,368.0,16.0;96.0,240.0,128.0,16.0;240.0,240.0,128.0,16.0;384.0,240.0,128.0,16.0;192.0,80.0,368.0,16.0;192.0,64.0,368.0,16.0;0.0,48.0,48.0,16.0
SPAWN map=L02S05.tmx markerX=0 markerFeet=64 spawnFeet=64 plane=64 windowTops=[64]
PLANESRC map=L02S06.tmx cells=95 plane=80
RECTS map=L02S06.tmx count=9 coords=96.0,336.0,64.0,16.0;96.0,320.0,64.0,16.0;96.0,304.0,64.0,16.0;96.0,288.0,64.0,16.0;96.0,240.0,128.0,16.0;160.0,208.0,128.0,16.0;336.0,208.0,128.0,16.0;0.0,80.0,368.0,16.0;0.0,64.0,512.0,16.0
SPAWN map=L02S06.tmx markerX=0 markerFeet=64 spawnFeet=80 plane=80 windowTops=[80]
PISTON map=L02S06.tmx x=240 markerY=32 groundY=96
PLANESRC map=L02S07.tmx cells=38 plane=80
RECTS map=L02S07.tmx count=2 coords=0.0,80.0,96.0,16.0;0.0,64.0,512.0,16.0
SPAWN map=L02S07.tmx markerX=0 markerFeet=64 spawnFeet=80 plane=80 windowTops=[80]
PISTON map=L02S07.tmx x=240 markerY=16 groundY=80
PISTON map=L02S07.tmx x=352 markerY=16 groundY=80
PISTON map=L02S07.tmx x=464 markerY=16 groundY=80
PLANESRC map=L02S08.tmx cells=102 plane=80
RECTS map=L02S08.tmx count=15 coords=384.0,224.0,176.0,16.0;384.0,208.0,176.0,16.0;384.0,192.0,64.0,16.0;384.0,176.0,64.0,16.0;384.0,160.0,64.0,16.0;384.0,144.0,64.0,16.0;176.0,128.0,64.0,16.0;384.0,128.0,64.0,16.0;176.0,112.0,64.0,16.0;384.0,112.0,64.0,16.0;160.0,96.0,64.0,16.0;384.0,96.0,64.0,16.0;160.0,80.0,64.0,16.0;384.0,80.0,64.0,16.0;0.0,64.0,512.0,16.0
SPAWN map=L02S08.tmx markerX=0 markerFeet=64 spawnFeet=80 plane=80 windowTops=[80]
PLANESRC map=L02S09.tmx cells=142 plane=80
RECTS map=L02S09.tmx count=19 coords=0.0,224.0,368.0,16.0;0.0,208.0,368.0,16.0;96.0,192.0,64.0,16.0;384.0,192.0,64.0,16.0;96.0,176.0,64.0,16.0;384.0,176.0,64.0,16.0;96.0,160.0,64.0,16.0;384.0,160.0,64.0,16.0;96.0,144.0,64.0,16.0;384.0,144.0,64.0,16.0;96.0,128.0,64.0,16.0;384.0,128.0,64.0,16.0;96.0,112.0,64.0,16.0;384.0,112.0,64.0,16.0;96.0,96.0,64.0,16.0;384.0,96.0,64.0,16.0;96.0,80.0,64.0,16.0;384.0,80.0,64.0,16.0;0.0,64.0,512.0,16.0
SPAWN map=L02S09.tmx markerX=0 markerFeet=64 spawnFeet=80 plane=80 windowTops=[80]
PLANESRC map=L02S10.tmx cells=173 plane=80
RECTS map=L02S10.tmx count=26 coords=224.0,336.0,80.0,16.0;224.0,320.0,80.0,16.0;224.0,304.0,80.0,16.0;224.0,288.0,80.0,16.0;224.0,272.0,80.0,16.0;0.0,224.0,288.0,16.0;432.0,224.0,128.0,16.0;0.0,208.0,288.0,16.0;432.0,208.0,128.0,16.0;96.0,192.0,64.0,16.0;384.0,192.0,64.0,16.0;96.0,176.0,64.0,16.0;384.0,176.0,64.0,16.0;96.0,160.0,64.0,16.0;384.0,160.0,64.0,16.0;96.0,144.0,64.0,16.0;384.0,144.0,64.0,16.0;96.0,128.0,64.0,16.0;384.0,128.0,64.0,16.0;96.0,112.0,64.0,16.0;384.0,112.0,64.0,16.0;96.0,96.0,64.0,16.0;384.0,96.0,64.0,16.0;96.0,80.0,64.0,16.0;384.0,80.0,64.0,16.0;0.0,64.0,512.0,16.0
SPAWN map=L02S10.tmx markerX=0 markerFeet=64 spawnFeet=80 plane=80 windowTops=[80]
PLANESRC map=L02S11.tmx cells=64 plane=80
RECTS map=L02S11.tmx count=9 coords=96.0,192.0,64.0,16.0;96.0,176.0,64.0,16.0;96.0,160.0,64.0,16.0;96.0,144.0,64.0,16.0;96.0,128.0,64.0,16.0;96.0,112.0,64.0,16.0;96.0,96.0,64.0,16.0;96.0,80.0,64.0,16.0;0.0,64.0,512.0,16.0
SPAWN map=L02S11.tmx markerX=0 markerFeet=64 spawnFeet=80 plane=80 windowTops=[80]
BEAM map=L02S11.tmx boxes=2 fields=1 groups=[0+1]
PLANESRC map=L02S12.tmx cells=64 plane=48
RECTS map=L02S12.tmx count=4 coords=80.0,80.0,480.0,16.0;0.0,64.0,512.0,16.0;80.0,48.0,16.0,16.0;80.0,32.0,16.0,16.0
SPAWN map=L02S12.tmx markerX=0 markerFeet=64 spawnFeet=80 plane=48 windowTops=[80]
PLANESRC map=L02S13.tmx cells=140 plane=80
RECTS map=L02S13.tmx count=14 coords=288.0,240.0,272.0,16.0;288.0,208.0,272.0,16.0;400.0,192.0,48.0,16.0;400.0,176.0,48.0,16.0;96.0,160.0,80.0,16.0;192.0,160.0,80.0,16.0;400.0,160.0,48.0,16.0;96.0,144.0,80.0,16.0;192.0,144.0,80.0,16.0;400.0,144.0,48.0,16.0;96.0,128.0,80.0,16.0;192.0,128.0,80.0,16.0;0.0,80.0,512.0,16.0;0.0,64.0,512.0,16.0
SPAWN map=L02S13.tmx markerX=0 markerFeet=64 spawnFeet=80 plane=80 windowTops=[80]
PLANESRC map=L02S14.tmx cells=140 plane=80
RECTS map=L02S14.tmx count=8 coords=0.0,240.0,512.0,16.0;0.0,208.0,512.0,16.0;240.0,192.0,48.0,16.0;240.0,176.0,48.0,16.0;240.0,160.0,48.0,16.0;240.0,144.0,48.0,16.0;0.0,80.0,512.0,16.0;0.0,64.0,512.0,16.0
SPAWN map=L02S14.tmx markerX=0 markerFeet=64 spawnFeet=80 plane=80 windowTops=[80]
PLANESRC map=L02S15.tmx cells=78 plane=48
RECTS map=L02S15.tmx count=10 coords=0.0,240.0,128.0,16.0;0.0,208.0,128.0,16.0;96.0,192.0,48.0,16.0;96.0,176.0,48.0,16.0;96.0,160.0,48.0,16.0;96.0,144.0,48.0,16.0;0.0,80.0,208.0,16.0;0.0,64.0,208.0,16.0;192.0,48.0,368.0,16.0;192.0,32.0,16.0,16.0
SPAWN map=L02S15.tmx markerX=0 markerFeet=64 spawnFeet=80 plane=48 windowTops=[80]
PISTON map=L02S15.tmx x=464 markerY=0 groundY=64
BEAM map=L02S15.tmx boxes=2 fields=1 groups=[0+1]
PLANESRC map=L02S16.tmx cells=23 plane=64
RECTS map=L02S16.tmx count=1 coords=0.0,48.0,368.0,16.0
SPAWN map=L02S16.tmx markerX=0 markerFeet=64 spawnFeet=64 plane=64 windowTops=[64]
PLANESRC map=L02S17.tmx cells=83 plane=64
RECTS map=L02S17.tmx count=8 coords=208.0,240.0,352.0,16.0;208.0,192.0,48.0,16.0;208.0,176.0,48.0,16.0;208.0,160.0,48.0,16.0;208.0,144.0,48.0,16.0;192.0,80.0,368.0,16.0;192.0,64.0,368.0,16.0;0.0,48.0,48.0,16.0
SPAWN map=L02S17.tmx markerX=0 markerFeet=64 spawnFeet=64 plane=64 windowTops=[64]
BEAM map=L02S17.tmx boxes=2 fields=1 groups=[1+0]
PLANESRC map=L02S18.tmx cells=79 plane=48
RECTS map=L02S18.tmx count=9 coords=0.0,240.0,512.0,16.0;112.0,192.0,48.0,16.0;112.0,176.0,48.0,16.0;112.0,160.0,48.0,16.0;112.0,144.0,48.0,16.0;144.0,80.0,16.0,16.0;0.0,64.0,512.0,16.0;144.0,48.0,16.0,16.0;144.0,32.0,16.0,16.0
SPAWN map=L02S18.tmx markerX=0 markerFeet=64 spawnFeet=80 plane=48 windowTops=[80]
PISTON map=L02S18.tmx x=224 markerY=16 groundY=80
PISTON map=L02S18.tmx x=384 markerY=16 groundY=80
PLANESRC map=L02S19.tmx cells=70 plane=80
RECTS map=L02S19.tmx count=9 coords=0.0,240.0,96.0,16.0;48.0,192.0,128.0,16.0;288.0,144.0,64.0,16.0;288.0,128.0,64.0,16.0;416.0,128.0,64.0,16.0;288.0,112.0,64.0,16.0;416.0,112.0,64.0,16.0;416.0,96.0,64.0,16.0;0.0,64.0,512.0,16.0
SPAWN map=L02S19.tmx markerX=0 markerFeet=64 spawnFeet=80 plane=80 windowTops=[80]
PLANESRC map=L02S20.tmx cells=32 plane=80
RECTS map=L02S20.tmx count=1 coords=0.0,64.0,512.0,16.0
SPAWN map=L02S20.tmx markerX=0 markerFeet=64 spawnFeet=80 plane=80 windowTops=[80]
PLANESRC map=L02S21.tmx cells=181 plane=48
RECTS map=L02S21.tmx count=25 coords=400.0,272.0,64.0,16.0;400.0,256.0,64.0,16.0;384.0,240.0,64.0,16.0;384.0,224.0,64.0,16.0;192.0,208.0,368.0,16.0;192.0,192.0,368.0,16.0;192.0,176.0,64.0,16.0;432.0,176.0,64.0,16.0;192.0,160.0,64.0,16.0;432.0,160.0,64.0,16.0;192.0,144.0,64.0,16.0;432.0,144.0,64.0,16.0;192.0,128.0,64.0,16.0;432.0,128.0,64.0,16.0;192.0,112.0,64.0,16.0;432.0,112.0,64.0,16.0;192.0,96.0,64.0,16.0;432.0,96.0,64.0,16.0;192.0,80.0,64.0,16.0;432.0,80.0,64.0,16.0;0.0,64.0,144.0,16.0;192.0,64.0,64.0,16.0;432.0,64.0,64.0,16.0;144.0,48.0,368.0,16.0;144.0,32.0,368.0,16.0
SPAWN map=L02S21.tmx markerX=0 markerFeet=64 spawnFeet=80 plane=48 windowTops=[80]
PLANESRC map=L02S22.tmx cells=188 plane=48
RECTS map=L02S22.tmx count=28 coords=320.0,272.0,64.0,16.0;320.0,256.0,64.0,16.0;304.0,240.0,64.0,16.0;304.0,224.0,64.0,16.0;0.0,208.0,368.0,16.0;0.0,192.0,368.0,16.0;48.0,176.0,64.0,16.0;416.0,176.0,64.0,16.0;48.0,160.0,64.0,16.0;416.0,160.0,64.0,16.0;48.0,144.0,64.0,16.0;416.0,144.0,64.0,16.0;48.0,128.0,64.0,16.0;416.0,128.0,64.0,16.0;48.0,112.0,64.0,16.0;320.0,112.0,64.0,16.0;416.0,112.0,64.0,16.0;48.0,96.0,64.0,16.0;320.0,96.0,64.0,16.0;416.0,96.0,64.0,16.0;48.0,80.0,64.0,16.0;304.0,80.0,64.0,16.0;416.0,80.0,64.0,16.0;48.0,64.0,64.0,16.0;304.0,64.0,64.0,16.0;416.0,64.0,64.0,16.0;0.0,48.0,368.0,16.0;0.0,32.0,368.0,16.0
SPAWN map=L02S22.tmx markerX=0 markerFeet=64 spawnFeet=64 plane=48 windowTops=[48;64]
PLANESRC map=L02S23.tmx cells=101 plane=48
RECTS map=L02S23.tmx count=13 coords=288.0,256.0,128.0,16.0;448.0,256.0,112.0,16.0;224.0,224.0,128.0,16.0;96.0,176.0,64.0,16.0;96.0,160.0,64.0,16.0;96.0,144.0,64.0,16.0;96.0,128.0,64.0,16.0;96.0,112.0,64.0,16.0;96.0,96.0,64.0,16.0;96.0,80.0,64.0,16.0;96.0,64.0,64.0,16.0;0.0,48.0,368.0,16.0;0.0,32.0,368.0,16.0
SPAWN map=L02S23.tmx markerX=0 markerFeet=64 spawnFeet=64 plane=48 windowTops=[48;64]
PISTON map=L02S23.tmx x=176 markerY=0 groundY=64
PISTON map=L02S23.tmx x=288 markerY=0 groundY=64
PISTON map=L02S23.tmx x=400 markerY=0 groundY=48
PLANESRC map=L02S24.tmx cells=117 plane=80
RECTS map=L02S24.tmx count=16 coords=0.0,256.0,128.0,16.0;336.0,240.0,224.0,16.0;336.0,224.0,224.0,16.0;64.0,208.0,128.0,16.0;336.0,192.0,64.0,16.0;336.0,176.0,64.0,16.0;336.0,160.0,64.0,16.0;336.0,144.0,64.0,16.0;80.0,128.0,80.0,16.0;336.0,128.0,64.0,16.0;80.0,112.0,80.0,16.0;336.0,112.0,64.0,16.0;80.0,96.0,80.0,16.0;336.0,96.0,64.0,16.0;336.0,80.0,64.0,16.0;144.0,64.0,416.0,16.0
SPAWN map=L02S24.tmx markerX=0 markerFeet=64 spawnFeet=64 plane=80 windowTops=[]
PLANESRC map=L02S25.tmx cells=99 plane=48
RECTS map=L02S25.tmx count=13 coords=0.0,240.0,144.0,16.0;96.0,192.0,64.0,16.0;96.0,176.0,64.0,16.0;96.0,160.0,64.0,16.0;96.0,144.0,64.0,16.0;96.0,128.0,64.0,16.0;96.0,112.0,64.0,16.0;96.0,96.0,64.0,16.0;96.0,80.0,64.0,16.0;176.0,80.0,384.0,16.0;0.0,64.0,512.0,16.0;176.0,48.0,16.0,16.0;176.0,32.0,16.0,16.0
SPAWN map=L02S25.tmx markerX=0 markerFeet=64 spawnFeet=80 plane=48 windowTops=[80]
PLANESRC map=L03S01.tmx cells=64 plane=80
RECTS map=L03S01.tmx count=6 coords=0.0,240.0,128.0,16.0;160.0,240.0,128.0,16.0;320.0,144.0,128.0,16.0;384.0,128.0,64.0,16.0;384.0,112.0,64.0,16.0;0.0,64.0,512.0,16.0
SPAWN map=L03S01.tmx markerX=0 markerFeet=64 spawnFeet=80 plane=80 windowTops=[80]
BEAM map=L03S01.tmx boxes=2 fields=1 groups=[0+1]
PLANESRC map=L03S02.tmx cells=44 plane=80
RECTS map=L03S02.tmx count=4 coords=240.0,144.0,64.0,16.0;240.0,128.0,64.0,16.0;240.0,112.0,64.0,16.0;0.0,64.0,512.0,16.0
SPAWN map=L03S02.tmx markerX=0 markerFeet=64 spawnFeet=80 plane=80 windowTops=[80]
PLANESRC map=L03S03.tmx cells=126 plane=48
RECTS map=L03S03.tmx count=13 coords=176.0,160.0,368.0,16.0;176.0,144.0,368.0,16.0;176.0,128.0,48.0,16.0;448.0,128.0,48.0,16.0;176.0,112.0,48.0,16.0;448.0,112.0,48.0,16.0;176.0,96.0,48.0,16.0;448.0,96.0,48.0,16.0;176.0,80.0,48.0,16.0;448.0,80.0,48.0,16.0;0.0,64.0,160.0,16.0;160.0,48.0,368.0,16.0;160.0,32.0,368.0,16.0
SPAWN map=L03S03.tmx markerX=0 markerFeet=64 spawnFeet=80 plane=48 windowTops=[80]
PLANESRC map=L03S04.tmx cells=205 plane=48
RECTS map=L03S04.tmx count=33 coords=160.0,352.0,64.0,16.0;256.0,352.0,64.0,16.0;160.0,336.0,64.0,16.0;256.0,336.0,64.0,16.0;160.0,320.0,64.0,16.0;256.0,320.0,64.0,16.0;96.0,288.0,464.0,16.0;96.0,240.0,48.0,16.0;368.0,240.0,48.0,16.0;96.0,224.0,48.0,16.0;208.0,224.0,64.0,16.0;368.0,224.0,48.0,16.0;96.0,208.0,48.0,16.0;208.0,208.0,64.0,16.0;368.0,208.0,48.0,16.0;96.0,192.0,48.0,16.0;192.0,192.0,64.0,16.0;368.0,192.0,48.0,16.0;192.0,176.0,64.0,16.0;0.0,160.0,144.0,16.0;368.0,160.0,192.0,16.0;0.0,144.0,144.0,16.0;368.0,144.0,192.0,16.0;96.0,128.0,48.0,16.0;368.0,128.0,48.0,16.0;96.0,112.0,48.0,16.0;368.0,112.0,48.0,16.0;96.0,96.0,48.0,16.0;368.0,96.0,48.0,16.0;96.0,80.0,48.0,16.0;368.0,80.0,48.0,16.0;0.0,48.0,368.0,16.0;0.0,32.0,368.0,16.0
SPAWN map=L03S04.tmx markerX=0 markerFeet=64 spawnFeet=64 plane=48 windowTops=[48;64]
PLANESRC map=L03S05.tmx cells=106 plane=48
RECTS map=L03S05.tmx count=16 coords=0.0,288.0,144.0,16.0;96.0,240.0,48.0,16.0;160.0,240.0,80.0,16.0;96.0,224.0,48.0,16.0;160.0,224.0,80.0,16.0;96.0,208.0,48.0,16.0;160.0,208.0,80.0,16.0;96.0,192.0,48.0,16.0;0.0,160.0,96.0,16.0;0.0,144.0,96.0,16.0;96.0,128.0,48.0,16.0;96.0,112.0,48.0,16.0;96.0,96.0,48.0,16.0;96.0,80.0,48.0,16.0;0.0,48.0,368.0,16.0;0.0,32.0,368.0,16.0
SPAWN map=L03S05.tmx markerX=0 markerFeet=64 spawnFeet=64 plane=48 windowTops=[48;64]
PLANESRC map=L03S06.tmx cells=60 plane=48
RECTS map=L03S06.tmx count=4 coords=96.0,80.0,464.0,16.0;96.0,64.0,464.0,16.0;96.0,48.0,16.0,16.0;96.0,32.0,16.0,16.0
SPAWN map=L03S06.tmx markerX=0 markerFeet=64 spawnFeet=64 plane=48 windowTops=[]
PISTON map=L03S06.tmx x=464 markerY=32 groundY=96
PLANESRC map=L03S07.tmx cells=162 plane=80
RECTS map=L03S07.tmx count=12 coords=224.0,368.0,336.0,16.0;224.0,352.0,336.0,16.0;224.0,336.0,128.0,16.0;464.0,336.0,96.0,16.0;320.0,192.0,240.0,16.0;320.0,176.0,240.0,16.0;320.0,160.0,48.0,16.0;320.0,144.0,48.0,16.0;320.0,128.0,48.0,16.0;320.0,112.0,48.0,16.0;0.0,80.0,512.0,16.0;0.0,64.0,512.0,16.0
SPAWN map=L03S07.tmx markerX=0 markerFeet=64 spawnFeet=80 plane=80 windowTops=[80]
PLANESRC map=L03S08.tmx cells=202 plane=80
RECTS map=L03S08.tmx count=22 coords=0.0,368.0,368.0,16.0;0.0,352.0,368.0,16.0;48.0,336.0,128.0,16.0;432.0,336.0,128.0,16.0;0.0,192.0,48.0,16.0;320.0,192.0,240.0,16.0;0.0,176.0,48.0,16.0;320.0,176.0,240.0,16.0;144.0,160.0,48.0,16.0;320.0,160.0,48.0,16.0;144.0,144.0,48.0,16.0;320.0,144.0,48.0,16.0;416.0,144.0,64.0,16.0;144.0,128.0,48.0,16.0;320.0,128.0,48.0,16.0;416.0,128.0,64.0,16.0;144.0,112.0,48.0,16.0;320.0,112.0,48.0,16.0;400.0,112.0,64.0,16.0;400.0,96.0,64.0,16.0;0.0,80.0,512.0,16.0;0.0,64.0,512.0,16.0
SPAWN map=L03S08.tmx markerX=0 markerFeet=64 spawnFeet=80 plane=80 windowTops=[80]
PLANESRC map=L03S09.tmx cells=64 plane=80
RECTS map=L03S09.tmx count=2 coords=0.0,80.0,512.0,16.0;0.0,64.0,512.0,16.0
SPAWN map=L03S09.tmx markerX=0 markerFeet=64 spawnFeet=80 plane=80 windowTops=[80]
PLANESRC map=L03S10.tmx cells=131 plane=48
RECTS map=L03S10.tmx count=17 coords=224.0,272.0,64.0,16.0;224.0,256.0,64.0,16.0;224.0,240.0,64.0,16.0;0.0,224.0,176.0,16.0;192.0,192.0,112.0,16.0;192.0,176.0,112.0,16.0;192.0,160.0,112.0,16.0;192.0,144.0,112.0,16.0;192.0,128.0,96.0,16.0;192.0,112.0,96.0,16.0;192.0,96.0,96.0,16.0;0.0,80.0,144.0,16.0;192.0,80.0,96.0,16.0;0.0,64.0,144.0,16.0;0.0,48.0,192.0,16.0;0.0,32.0,192.0,16.0;336.0,32.0,224.0,16.0
SPAWN map=L03S10.tmx markerX=0 markerFeet=64 spawnFeet=64 plane=48 windowTops=[48;64;80]
PLANESRC map=L03S11.tmx cells=105 plane=48
RECTS map=L03S11.tmx count=9 coords=432.0,192.0,80.0,16.0;432.0,176.0,80.0,16.0;432.0,160.0,80.0,16.0;432.0,144.0,80.0,16.0;432.0,128.0,80.0,16.0;384.0,80.0,176.0,16.0;384.0,64.0,176.0,16.0;192.0,48.0,368.0,16.0;0.0,32.0,560.0,16.0
SPAWN map=L03S11.tmx markerX=0 markerFeet=64 spawnFeet=48 plane=48 windowTops=[48]
PLANESRC map=L03S12.tmx cells=150 plane=80
RECTS map=L03S12.tmx count=16 coords=112.0,224.0,368.0,16.0;112.0,208.0,368.0,16.0;112.0,192.0,48.0,16.0;336.0,192.0,48.0,16.0;112.0,176.0,48.0,16.0;336.0,176.0,48.0,16.0;112.0,160.0,48.0,16.0;336.0,160.0,48.0,16.0;112.0,144.0,48.0,16.0;336.0,144.0,48.0,16.0;400.0,144.0,64.0,16.0;400.0,128.0,64.0,16.0;384.0,112.0,64.0,16.0;384.0,96.0,64.0,16.0;0.0,80.0,512.0,16.0;0.0,64.0,512.0,16.0
SPAWN map=L03S12.tmx markerX=0 markerFeet=64 spawnFeet=80 plane=80 windowTops=[80]
PLANESRC map=L03S13.tmx cells=115 plane=80
RECTS map=L03S13.tmx count=13 coords=0.0,224.0,16.0,16.0;0.0,208.0,16.0,16.0;352.0,208.0,208.0,16.0;112.0,192.0,48.0,16.0;112.0,176.0,48.0,16.0;112.0,160.0,48.0,16.0;352.0,160.0,96.0,16.0;112.0,144.0,48.0,16.0;352.0,144.0,96.0,16.0;352.0,128.0,96.0,16.0;352.0,112.0,96.0,16.0;0.0,80.0,512.0,16.0;0.0,64.0,512.0,16.0
SPAWN map=L03S13.tmx markerX=0 markerFeet=64 spawnFeet=80 plane=80 windowTops=[80]
BEAM map=L03S13.tmx boxes=2 fields=1 groups=[0+1]
PLANESRC map=L03S14.tmx cells=120 plane=80
RECTS map=L03S14.tmx count=11 coords=0.0,208.0,512.0,16.0;96.0,160.0,48.0,16.0;368.0,160.0,48.0,16.0;96.0,144.0,48.0,16.0;368.0,144.0,48.0,16.0;96.0,128.0,48.0,16.0;368.0,128.0,48.0,16.0;96.0,112.0,48.0,16.0;368.0,112.0,48.0,16.0;0.0,80.0,512.0,16.0;0.0,64.0,512.0,16.0
SPAWN map=L03S14.tmx markerX=0 markerFeet=64 spawnFeet=80 plane=80 windowTops=[80]
PLANESRC map=L03S15.tmx cells=109 plane=80
RECTS map=L03S15.tmx count=12 coords=0.0,208.0,144.0,16.0;368.0,208.0,192.0,16.0;96.0,160.0,48.0,16.0;368.0,160.0,48.0,16.0;96.0,144.0,48.0,16.0;368.0,144.0,48.0,16.0;96.0,128.0,48.0,16.0;368.0,128.0,48.0,16.0;96.0,112.0,48.0,16.0;368.0,112.0,48.0,16.0;0.0,80.0,512.0,16.0;0.0,64.0,512.0,16.0
SPAWN map=L03S15.tmx markerX=0 markerFeet=64 spawnFeet=80 plane=80 windowTops=[80]
PISTON map=L03S15.tmx x=160 markerY=32 groundY=96
PISTON map=L03S15.tmx x=304 markerY=32 groundY=96
PLANESRC map=L03S16.tmx cells=82 plane=48
RECTS map=L03S16.tmx count=13 coords=0.0,208.0,144.0,16.0;96.0,160.0,48.0,16.0;96.0,144.0,48.0,16.0;176.0,144.0,80.0,16.0;96.0,128.0,48.0,16.0;176.0,128.0,80.0,16.0;96.0,112.0,48.0,16.0;176.0,112.0,80.0,16.0;0.0,80.0,144.0,16.0;0.0,64.0,272.0,16.0;128.0,48.0,16.0,16.0;272.0,48.0,288.0,16.0;128.0,32.0,16.0,16.0
SPAWN map=L03S16.tmx markerX=0 markerFeet=64 spawnFeet=80 plane=48 windowTops=[80]
PLANESRC map=L03S17.tmx cells=170 plane=64
RECTS map=L03S17.tmx count=29 coords=96.0,368.0,368.0,16.0;96.0,336.0,64.0,16.0;240.0,336.0,64.0,16.0;96.0,320.0,64.0,16.0;240.0,320.0,64.0,16.0;96.0,304.0,64.0,16.0;240.0,304.0,64.0,16.0;96.0,288.0,64.0,16.0;240.0,288.0,64.0,16.0;96.0,272.0,64.0,16.0;240.0,272.0,64.0,16.0;96.0,256.0,64.0,16.0;240.0,256.0,64.0,16.0;96.0,240.0,64.0,16.0;240.0,240.0,64.0,16.0;96.0,224.0,64.0,16.0;240.0,224.0,64.0,16.0;96.0,208.0,64.0,16.0;240.0,208.0,320.0,16.0;96.0,192.0,64.0,16.0;240.0,176.0,64.0,16.0;240.0,160.0,64.0,16.0;240.0,144.0,64.0,16.0;240.0,128.0,64.0,16.0;240.0,112.0,64.0,16.0;240.0,96.0,64.0,16.0;240.0,80.0,64.0,16.0;240.0,64.0,64.0,16.0;0.0,48.0,368.0,16.0
SPAWN map=L03S17.tmx markerX=0 markerFeet=64 spawnFeet=64 plane=64 windowTops=[64]
PLANESRC map=L03S18.tmx cells=197 plane=64
RECTS map=L03S18.tmx count=35 coords=0.0,368.0,368.0,16.0;96.0,336.0,64.0,16.0;368.0,336.0,64.0,16.0;96.0,320.0,64.0,16.0;368.0,320.0,64.0,16.0;96.0,304.0,64.0,16.0;368.0,304.0,64.0,16.0;96.0,288.0,64.0,16.0;368.0,288.0,64.0,16.0;96.0,272.0,64.0,16.0;368.0,272.0,64.0,16.0;96.0,256.0,64.0,16.0;368.0,256.0,64.0,16.0;96.0,240.0,64.0,16.0;368.0,240.0,64.0,16.0;96.0,224.0,64.0,16.0;368.0,224.0,64.0,16.0;0.0,208.0,368.0,16.0;96.0,176.0,64.0,16.0;368.0,176.0,64.0,16.0;96.0,160.0,64.0,16.0;368.0,160.0,64.0,16.0;96.0,144.0,64.0,16.0;368.0,144.0,64.0,16.0;96.0,128.0,64.0,16.0;368.0,128.0,64.0,16.0;96.0,112.0,64.0,16.0;368.0,112.0,64.0,16.0;96.0,96.0,64.0,16.0;368.0,96.0,64.0,16.0;96.0,80.0,64.0,16.0;368.0,80.0,64.0,16.0;96.0,64.0,64.0,16.0;368.0,64.0,64.0,16.0;0.0,48.0,368.0,16.0
SPAWN map=L03S18.tmx markerX=0 markerFeet=64 spawnFeet=64 plane=64 windowTops=[64]
PISTON map=L03S18.tmx x=160 markerY=0 groundY=64
PLANESRC map=L03S19.tmx cells=112 plane=48
RECTS map=L03S19.tmx count=21 coords=96.0,336.0,64.0,16.0;96.0,320.0,64.0,16.0;96.0,304.0,64.0,16.0;96.0,288.0,64.0,16.0;96.0,272.0,64.0,16.0;96.0,256.0,64.0,16.0;96.0,240.0,64.0,16.0;96.0,224.0,64.0,16.0;96.0,176.0,64.0,16.0;96.0,160.0,64.0,16.0;96.0,144.0,64.0,16.0;96.0,128.0,64.0,16.0;96.0,112.0,64.0,16.0;96.0,96.0,64.0,16.0;96.0,80.0,64.0,16.0;240.0,80.0,320.0,16.0;96.0,64.0,64.0,16.0;240.0,64.0,320.0,16.0;0.0,48.0,96.0,16.0;240.0,48.0,16.0,16.0;240.0,32.0,16.0,16.0
SPAWN map=L03S19.tmx markerX=0 markerFeet=64 spawnFeet=64 plane=48 windowTops=[64]
PISTON map=L03S19.tmx x=304 markerY=32 groundY=96
BEAM map=L03S19.tmx boxes=2 fields=1 groups=[0+1]
PLANESRC map=L03S20.tmx cells=81 plane=48
RECTS map=L03S20.tmx count=22 coords=288.0,144.0,64.0,16.0;288.0,128.0,64.0,16.0;288.0,112.0,64.0,16.0;0.0,80.0,80.0,16.0;128.0,80.0,96.0,16.0;272.0,80.0,96.0,16.0;416.0,80.0,96.0,16.0;0.0,64.0,512.0,16.0;64.0,48.0,16.0,16.0;128.0,48.0,16.0,16.0;208.0,48.0,16.0,16.0;272.0,48.0,16.0,16.0;352.0,48.0,16.0,16.0;416.0,48.0,16.0,16.0;496.0,48.0,16.0,16.0;64.0,32.0,16.0,16.0;128.0,32.0,16.0,16.0;208.0,32.0,16.0,16.0;272.0,32.0,16.0,16.0;352.0,32.0,16.0,16.0;416.0,32.0,16.0,16.0;496.0,32.0,16.0,16.0
SPAWN map=L03S20.tmx markerX=0 markerFeet=64 spawnFeet=80 plane=48 windowTops=[80]
PISTON map=L03S20.tmx x=80 markerY=16 groundY=80
PISTON map=L03S20.tmx x=224 markerY=16 groundY=80
PISTON map=L03S20.tmx x=368 markerY=16 groundY=80
PLANESRC map=L03S21.tmx cells=100 plane=48
RECTS map=L03S21.tmx count=27 coords=448.0,224.0,112.0,16.0;448.0,192.0,48.0,16.0;448.0,176.0,48.0,16.0;160.0,160.0,64.0,16.0;448.0,160.0,48.0,16.0;160.0,144.0,64.0,16.0;448.0,144.0,48.0,16.0;160.0,128.0,64.0,16.0;0.0,80.0,80.0,16.0;128.0,80.0,96.0,16.0;272.0,80.0,96.0,16.0;416.0,80.0,96.0,16.0;0.0,64.0,512.0,16.0;64.0,48.0,16.0,16.0;128.0,48.0,16.0,16.0;208.0,48.0,16.0,16.0;272.0,48.0,16.0,16.0;352.0,48.0,16.0,16.0;416.0,48.0,16.0,16.0;496.0,48.0,16.0,16.0;64.0,32.0,16.0,16.0;128.0,32.0,16.0,16.0;208.0,32.0,16.0,16.0;272.0,32.0,16.0,16.0;352.0,32.0,16.0,16.0;416.0,32.0,16.0,16.0;496.0,32.0,16.0,16.0
SPAWN map=L03S21.tmx markerX=0 markerFeet=64 spawnFeet=80 plane=48 windowTops=[80]
PLANESRC map=L03S22.tmx cells=123 plane=80
RECTS map=L03S22.tmx count=16 coords=0.0,224.0,96.0,16.0;352.0,224.0,208.0,16.0;208.0,192.0,48.0,16.0;352.0,192.0,48.0,16.0;208.0,176.0,48.0,16.0;352.0,176.0,48.0,16.0;208.0,160.0,48.0,16.0;352.0,160.0,48.0,16.0;208.0,144.0,48.0,16.0;352.0,144.0,48.0,16.0;416.0,144.0,64.0,16.0;416.0,128.0,64.0,16.0;400.0,112.0,64.0,16.0;400.0,96.0,64.0,16.0;0.0,80.0,512.0,16.0;0.0,64.0,512.0,16.0
SPAWN map=L03S22.tmx markerX=0 markerFeet=64 spawnFeet=80 plane=80 windowTops=[80]
PLANESRC map=L03S23.tmx cells=78 plane=48
RECTS map=L03S23.tmx count=8 coords=80.0,192.0,48.0,16.0;80.0,176.0,48.0,16.0;80.0,160.0,48.0,16.0;80.0,144.0,48.0,16.0;0.0,80.0,144.0,16.0;0.0,64.0,144.0,16.0;128.0,48.0,384.0,16.0;128.0,32.0,384.0,16.0
SPAWN map=L03S23.tmx markerX=0 markerFeet=64 spawnFeet=80 plane=48 windowTops=[80]
PISTON map=L03S23.tmx x=288 markerY=0 groundY=64
PLANESRC map=L03S24.tmx cells=101 plane=48
RECTS map=L03S24.tmx count=9 coords=288.0,144.0,64.0,16.0;288.0,128.0,64.0,16.0;272.0,112.0,64.0,16.0;272.0,96.0,64.0,16.0;96.0,80.0,96.0,16.0;288.0,80.0,96.0,16.0;96.0,64.0,400.0,16.0;0.0,48.0,384.0,16.0;0.0,32.0,384.0,16.0
SPAWN map=L03S24.tmx markerX=0 markerFeet=64 spawnFeet=64 plane=48 windowTops=[48;64]
PLANESRC map=L03S25.tmx cells=23 plane=64
RECTS map=L03S25.tmx count=1 coords=0.0,48.0,368.0,16.0
SPAWN map=L03S25.tmx markerX=0 markerFeet=64 spawnFeet=64 plane=64 windowTops=[64]
PLANESRC map=L04S01.tmx cells=96 plane=48
RECTS map=L04S01.tmx count=10 coords=32.0,160.0,80.0,16.0;32.0,144.0,80.0,16.0;32.0,128.0,80.0,16.0;320.0,128.0,80.0,16.0;320.0,112.0,80.0,16.0;320.0,96.0,80.0,16.0;0.0,80.0,144.0,16.0;0.0,64.0,144.0,16.0;128.0,48.0,384.0,16.0;128.0,32.0,384.0,16.0
SPAWN map=L04S01.tmx markerX=0 markerFeet=64 spawnFeet=80 plane=48 windowTops=[80]
PLANESRC map=L04S02.tmx cells=93 plane=48
RECTS map=L04S02.tmx count=20 coords=432.0,240.0,128.0,16.0;432.0,208.0,64.0,16.0;432.0,192.0,64.0,16.0;432.0,176.0,64.0,16.0;432.0,160.0,64.0,16.0;432.0,144.0,64.0,16.0;432.0,128.0,64.0,16.0;432.0,112.0,64.0,16.0;432.0,96.0,64.0,16.0;192.0,80.0,96.0,16.0;416.0,80.0,96.0,16.0;192.0,64.0,96.0,16.0;416.0,64.0,96.0,16.0;0.0,48.0,368.0,16.0;416.0,48.0,16.0,16.0;496.0,48.0,16.0,16.0;192.0,32.0,16.0,16.0;272.0,32.0,16.0,16.0;416.0,32.0,16.0,16.0;496.0,32.0,16.0,16.0
SPAWN map=L04S02.tmx markerX=0 markerFeet=64 spawnFeet=64 plane=48 windowTops=[64]
PLANESRC map=L04S03.tmx cells=103 plane=80
RECTS map=L04S03.tmx count=5 coords=0.0,240.0,368.0,16.0;96.0,208.0,128.0,16.0;384.0,208.0,128.0,16.0;0.0,80.0,512.0,16.0;0.0,64.0,512.0,16.0
SPAWN map=L04S03.tmx markerX=0 markerFeet=64 spawnFeet=80 plane=80 windowTops=[80]
PLANESRC map=L04S04.tmx cells=135 plane=48
RECTS map=L04S04.tmx count=28 coords=288.0,320.0,80.0,16.0;176.0,304.0,64.0,16.0;288.0,304.0,80.0,16.0;176.0,288.0,64.0,16.0;288.0,288.0,80.0,16.0;160.0,272.0,64.0,16.0;160.0,256.0,64.0,16.0;0.0,240.0,368.0,16.0;160.0,160.0,80.0,16.0;160.0,144.0,80.0,16.0;160.0,128.0,80.0,16.0;0.0,80.0,80.0,16.0;144.0,80.0,96.0,16.0;304.0,80.0,96.0,16.0;464.0,80.0,80.0,16.0;0.0,64.0,512.0,16.0;64.0,48.0,16.0,16.0;144.0,48.0,16.0,16.0;224.0,48.0,16.0,16.0;304.0,48.0,16.0,16.0;384.0,48.0,16.0,16.0;464.0,48.0,16.0,16.0;64.0,32.0,16.0,16.0;144.0,32.0,16.0,16.0;224.0,32.0,16.0,16.0;304.0,32.0,16.0,16.0;384.0,32.0,16.0,16.0;464.0,32.0,16.0,16.0
SPAWN map=L04S04.tmx markerX=0 markerFeet=64 spawnFeet=80 plane=48 windowTops=[80]
PLANESRC map=L04S05.tmx cells=104 plane=80
RECTS map=L04S05.tmx count=11 coords=0.0,240.0,128.0,16.0;224.0,208.0,64.0,16.0;224.0,192.0,64.0,16.0;224.0,176.0,64.0,16.0;224.0,160.0,64.0,16.0;224.0,144.0,64.0,16.0;224.0,128.0,64.0,16.0;224.0,112.0,64.0,16.0;224.0,96.0,64.0,16.0;0.0,80.0,512.0,16.0;0.0,64.0,512.0,16.0
SPAWN map=L04S05.tmx markerX=0 markerFeet=64 spawnFeet=80 plane=80 windowTops=[80]
PLANESRC map=L04S06.tmx cells=110 plane=48
RECTS map=L04S06.tmx count=9 coords=240.0,128.0,64.0,16.0;240.0,112.0,64.0,16.0;240.0,96.0,64.0,16.0;0.0,80.0,176.0,16.0;336.0,80.0,224.0,16.0;0.0,64.0,176.0,16.0;336.0,64.0,224.0,16.0;160.0,48.0,384.0,16.0;160.0,32.0,384.0,16.0
SPAWN map=L04S06.tmx markerX=0 markerFeet=64 spawnFeet=80 plane=48 windowTops=[80]
PLANESRC map=L04S07.tmx cells=109 plane=80
RECTS map=L04S07.tmx count=11 coords=288.0,208.0,272.0,16.0;288.0,160.0,48.0,16.0;288.0,144.0,48.0,16.0;384.0,144.0,64.0,16.0;288.0,128.0,48.0,16.0;384.0,128.0,64.0,16.0;288.0,112.0,48.0,16.0;368.0,112.0,64.0,16.0;368.0,96.0,64.0,16.0;0.0,80.0,512.0,16.0;0.0,64.0,512.0,16.0
SPAWN map=L04S07.tmx markerX=0 markerFeet=64 spawnFeet=80 plane=80 windowTops=[80]
PISTON map=L04S07.tmx x=64 markerY=32 groundY=96
PISTON map=L04S07.tmx x=208 markerY=32 groundY=96
PLANESRC map=L04S08.tmx cells=86 plane=48
RECTS map=L04S08.tmx count=12 coords=0.0,208.0,192.0,16.0;64.0,160.0,48.0,16.0;64.0,144.0,48.0,16.0;64.0,128.0,48.0,16.0;448.0,128.0,64.0,16.0;64.0,112.0,48.0,16.0;448.0,112.0,64.0,16.0;448.0,96.0,64.0,16.0;0.0,80.0,208.0,16.0;0.0,64.0,208.0,16.0;192.0,48.0,368.0,16.0;192.0,32.0,16.0,16.0
SPAWN map=L04S08.tmx markerX=0 markerFeet=64 spawnFeet=80 plane=48 windowTops=[80]
PLANESRC map=L04S09.tmx cells=31 plane=80
RECTS map=L04S09.tmx count=1 coords=64.0,64.0,496.0,16.0
SPAWN map=L04S09.tmx markerX=0 markerFeet=64 spawnFeet=64 plane=80 windowTops=[]
PLANESRC map=L04S10.tmx cells=54 plane=48
RECTS map=L04S10.tmx count=4 coords=240.0,80.0,320.0,16.0;0.0,64.0,512.0,16.0;240.0,48.0,16.0,16.0;240.0,32.0,16.0,16.0
SPAWN map=L04S10.tmx markerX=0 markerFeet=64 spawnFeet=80 plane=48 windowTops=[80]
PLANESRC map=L04S11.tmx cells=64 plane=80
RECTS map=L04S11.tmx count=2 coords=0.0,80.0,512.0,16.0;0.0,64.0,512.0,16.0
SPAWN map=L04S11.tmx markerX=0 markerFeet=64 spawnFeet=80 plane=80 windowTops=[80]
PLANESRC map=L04S12.tmx cells=146 plane=80
RECTS map=L04S12.tmx count=16 coords=192.0,240.0,368.0,16.0;192.0,208.0,64.0,16.0;192.0,192.0,64.0,16.0;320.0,192.0,240.0,16.0;192.0,176.0,64.0,16.0;192.0,160.0,64.0,16.0;320.0,160.0,48.0,16.0;192.0,144.0,64.0,16.0;320.0,144.0,48.0,16.0;192.0,128.0,64.0,16.0;320.0,128.0,48.0,16.0;192.0,112.0,64.0,16.0;320.0,112.0,48.0,16.0;192.0,96.0,64.0,16.0;0.0,80.0,512.0,16.0;0.0,64.0,512.0,16.0
SPAWN map=L04S12.tmx markerX=0 markerFeet=64 spawnFeet=80 plane=80 windowTops=[80]
PLANESRC map=L04S13.tmx cells=133 plane=80
RECTS map=L04S13.tmx count=16 coords=0.0,240.0,368.0,16.0;224.0,208.0,64.0,16.0;0.0,192.0,32.0,16.0;224.0,192.0,64.0,16.0;224.0,176.0,64.0,16.0;128.0,160.0,48.0,16.0;224.0,160.0,64.0,16.0;128.0,144.0,48.0,16.0;224.0,144.0,64.0,16.0;128.0,128.0,48.0,16.0;224.0,128.0,64.0,16.0;128.0,112.0,48.0,16.0;224.0,112.0,64.0,16.0;224.0,96.0,64.0,16.0;0.0,80.0,512.0,16.0;0.0,64.0,512.0,16.0
SPAWN map=L04S13.tmx markerX=0 markerFeet=64 spawnFeet=80 plane=80 windowTops=[80]
PLANESRC map=L04S14.tmx cells=114 plane=80
RECTS map=L04S14.tmx count=14 coords=0.0,240.0,96.0,16.0;192.0,208.0,64.0,16.0;192.0,192.0,64.0,16.0;192.0,176.0,64.0,16.0;192.0,160.0,64.0,16.0;416.0,160.0,64.0,16.0;192.0,144.0,64.0,16.0;416.0,144.0,64.0,16.0;192.0,128.0,64.0,16.0;416.0,128.0,64.0,16.0;192.0,112.0,64.0,16.0;192.0,96.0,64.0,16.0;0.0,80.0,512.0,16.0;0.0,64.0,512.0,16.0
SPAWN map=L04S14.tmx markerX=0 markerFeet=64 spawnFeet=80 plane=80 windowTops=[80]
PISTON map=L04S14.tmx x=288 markerY=32 groundY=96
PLANESRC map=L04S15.tmx cells=47 plane=48
RECTS map=L04S15.tmx count=4 coords=0.0,80.0,208.0,16.0;0.0,64.0,512.0,16.0;192.0,48.0,16.0,16.0;192.0,32.0,16.0,16.0
SPAWN map=L04S15.tmx markerX=0 markerFeet=64 spawnFeet=80 plane=48 windowTops=[80]
PLANESRC map=L04S16.tmx cells=154 plane=64
RECTS map=L04S16.tmx count=27 coords=304.0,320.0,256.0,16.0;304.0,288.0,48.0,16.0;304.0,272.0,48.0,16.0;368.0,272.0,64.0,16.0;448.0,272.0,64.0,16.0;304.0,256.0,48.0,16.0;368.0,256.0,64.0,16.0;448.0,256.0,64.0,16.0;304.0,240.0,48.0,16.0;368.0,240.0,64.0,16.0;448.0,240.0,64.0,16.0;304.0,208.0,256.0,16.0;304.0,176.0,64.0,16.0;192.0,160.0,80.0,16.0;304.0,160.0,64.0,16.0;192.0,144.0,80.0,16.0;304.0,144.0,64.0,16.0;192.0,128.0,80.0,16.0;304.0,128.0,64.0,16.0;192.0,112.0,80.0,16.0;304.0,112.0,64.0,16.0;192.0,96.0,80.0,16.0;304.0,96.0,64.0,16.0;304.0,80.0,64.0,16.0;0.0,64.0,96.0,16.0;304.0,64.0,64.0,16.0;96.0,48.0,368.0,16.0
SPAWN map=L04S16.tmx markerX=0 markerFeet=64 spawnFeet=80 plane=64 windowTops=[80]
PISTON map=L04S16.tmx x=368 markerY=0 groundY=64
PISTON map=L04S16.tmx x=432 markerY=0 groundY=64
PLANESRC map=L04S17.tmx cells=120 plane=64
RECTS map=L04S17.tmx count=14 coords=48.0,288.0,48.0,16.0;48.0,272.0,48.0,16.0;48.0,256.0,48.0,16.0;48.0,240.0,48.0,16.0;0.0,208.0,368.0,16.0;240.0,176.0,64.0,16.0;240.0,160.0,64.0,16.0;240.0,144.0,64.0,16.0;240.0,128.0,224.0,16.0;240.0,112.0,224.0,16.0;240.0,96.0,224.0,16.0;240.0,80.0,64.0,16.0;240.0,64.0,64.0,16.0;0.0,48.0,368.0,16.0
SPAWN map=L04S17.tmx markerX=0 markerFeet=64 spawnFeet=64 plane=64 windowTops=[64]
PLANESRC map=L04S18.tmx cells=70 plane=64
RECTS map=L04S18.tmx count=13 coords=0.0,208.0,48.0,16.0;144.0,176.0,64.0,16.0;144.0,160.0,64.0,16.0;144.0,144.0,64.0,16.0;144.0,128.0,64.0,16.0;320.0,128.0,64.0,16.0;144.0,112.0,64.0,16.0;320.0,112.0,64.0,16.0;144.0,96.0,64.0,16.0;320.0,96.0,64.0,16.0;144.0,80.0,64.0,16.0;144.0,64.0,64.0,16.0;0.0,48.0,368.0,16.0
SPAWN map=L04S18.tmx markerX=0 markerFeet=64 spawnFeet=64 plane=64 windowTops=[64]
BEAM map=L04S18.tmx boxes=2 fields=1 groups=[0+1]
PLANESRC map=L04S19.tmx cells=44 plane=48
RECTS map=L04S19.tmx count=4 coords=304.0,80.0,256.0,16.0;144.0,64.0,416.0,16.0;304.0,48.0,16.0,16.0;304.0,32.0,16.0,16.0
SPAWN map=L04S19.tmx markerX=0 markerFeet=64 spawnFeet=64 plane=48 windowTops=[]
PLANESRC map=L04S20.tmx cells=109 plane=80
RECTS map=L04S20.tmx count=5 coords=96.0,160.0,240.0,16.0;96.0,144.0,240.0,16.0;96.0,128.0,240.0,16.0;0.0,80.0,512.0,16.0;0.0,64.0,512.0,16.0
SPAWN map=L04S20.tmx markerX=0 markerFeet=64 spawnFeet=80 plane=80 windowTops=[80]
PLANESRC map=L04S21.tmx cells=97 plane=80
RECTS map=L04S21.tmx count=5 coords=272.0,256.0,288.0,16.0;272.0,208.0,128.0,16.0;448.0,208.0,112.0,16.0;0.0,80.0,512.0,16.0;0.0,64.0,512.0,16.0
SPAWN map=L04S21.tmx markerX=0 markerFeet=64 spawnFeet=80 plane=80 windowTops=[80]
PLANESRC map=L04S22.tmx cells=110 plane=80
RECTS map=L04S22.tmx count=5 coords=0.0,256.0,512.0,16.0;0.0,208.0,128.0,16.0;464.0,208.0,96.0,16.0;0.0,80.0,512.0,16.0;0.0,64.0,512.0,16.0
SPAWN map=L04S22.tmx markerX=0 markerFeet=64 spawnFeet=80 plane=80 windowTops=[80]
PISTON map=L04S22.tmx x=224 markerY=32 groundY=96
PLANESRC map=L04S23.tmx cells=144 plane=80
RECTS map=L04S23.tmx count=13 coords=416.0,320.0,64.0,16.0;416.0,304.0,64.0,16.0;400.0,288.0,64.0,16.0;400.0,272.0,64.0,16.0;0.0,256.0,512.0,16.0;144.0,208.0,128.0,16.0;304.0,208.0,128.0,16.0;416.0,144.0,64.0,16.0;416.0,128.0,64.0,16.0;400.0,112.0,64.0,16.0;400.0,96.0,64.0,16.0;0.0,80.0,512.0,16.0;0.0,64.0,512.0,16.0
SPAWN map=L04S23.tmx markerX=0 markerFeet=64 spawnFeet=80 plane=80 windowTops=[80]
PLANESRC map=L04S24.tmx cells=45 plane=48
RECTS map=L04S24.tmx count=4 coords=0.0,80.0,176.0,16.0;0.0,64.0,512.0,16.0;160.0,48.0,16.0,16.0;160.0,32.0,16.0,16.0
SPAWN map=L04S24.tmx markerX=0 markerFeet=64 spawnFeet=80 plane=48 windowTops=[80]
PLANESRC map=L04S25.tmx cells=32 plane=80
RECTS map=L04S25.tmx count=1 coords=0.0,64.0,512.0,16.0
SPAWN map=L04S25.tmx markerX=0 markerFeet=64 spawnFeet=80 plane=80 windowTops=[80]
PLANESRC map=L05S01.tmx cells=47 plane=48
RECTS map=L05S01.tmx count=4 coords=0.0,80.0,208.0,16.0;0.0,64.0,512.0,16.0;192.0,48.0,16.0,16.0;192.0,32.0,16.0,16.0
SPAWN map=L05S01.tmx markerX=0 markerFeet=64 spawnFeet=80 plane=48 windowTops=[80]
PLANESRC map=L05S02.tmx cells=62 plane=80
RECTS map=L05S02.tmx count=7 coords=224.0,144.0,80.0,16.0;320.0,144.0,80.0,16.0;224.0,128.0,80.0,16.0;320.0,128.0,80.0,16.0;224.0,112.0,80.0,16.0;320.0,112.0,80.0,16.0;0.0,64.0,512.0,16.0
SPAWN map=L05S02.tmx markerX=0 markerFeet=64 spawnFeet=80 plane=80 windowTops=[80]
PLANESRC map=L05S03.tmx cells=46 plane=80
RECTS map=L05S03.tmx count=6 coords=464.0,160.0,96.0,16.0;384.0,144.0,128.0,16.0;304.0,128.0,128.0,16.0;224.0,112.0,128.0,16.0;144.0,96.0,128.0,16.0;0.0,64.0,128.0,16.0
SPAWN map=L05S03.tmx markerX=0 markerFeet=64 spawnFeet=80 plane=80 windowTops=[80]
PLANESRC map=L05S04.tmx cells=39 plane=64
RECTS map=L05S04.tmx count=3 coords=32.0,160.0,128.0,16.0;192.0,160.0,128.0,16.0;0.0,48.0,368.0,16.0
SPAWN map=L05S04.tmx markerX=0 markerFeet=64 spawnFeet=64 plane=64 windowTops=[64]
PLANESRC map=L05S05.tmx cells=213 plane=64
RECTS map=L05S05.tmx count=22 coords=96.0,368.0,368.0,16.0;96.0,352.0,368.0,16.0;96.0,336.0,64.0,16.0;240.0,336.0,64.0,16.0;384.0,336.0,64.0,16.0;96.0,320.0,64.0,16.0;240.0,320.0,64.0,16.0;384.0,320.0,64.0,16.0;96.0,304.0,64.0,16.0;240.0,304.0,64.0,16.0;384.0,304.0,64.0,16.0;96.0,288.0,64.0,16.0;240.0,288.0,64.0,16.0;384.0,288.0,64.0,16.0;0.0,272.0,368.0,16.0;0.0,256.0,368.0,16.0;96.0,240.0,128.0,16.0;240.0,240.0,128.0,16.0;384.0,240.0,128.0,16.0;192.0,80.0,368.0,16.0;192.0,64.0,368.0,16.0;0.0,48.0,48.0,16.0
SPAWN map=L05S05.tmx markerX=0 markerFeet=64 spawnFeet=64 plane=64 windowTops=[64]
PLANESRC map=L05S06.tmx cells=95 plane=80
RECTS map=L05S06.tmx count=9 coords=96.0,336.0,64.0,16.0;96.0,320.0,64.0,16.0;96.0,304.0,64.0,16.0;96.0,288.0,64.0,16.0;96.0,240.0,128.0,16.0;160.0,208.0,128.0,16.0;336.0,208.0,128.0,16.0;0.0,80.0,368.0,16.0;0.0,64.0,512.0,16.0
SPAWN map=L05S06.tmx markerX=0 markerFeet=64 spawnFeet=80 plane=80 windowTops=[80]
PISTON map=L05S06.tmx x=240 markerY=32 groundY=96
PLANESRC map=L05S07.tmx cells=38 plane=80
RECTS map=L05S07.tmx count=2 coords=0.0,80.0,96.0,16.0;0.0,64.0,512.0,16.0
SPAWN map=L05S07.tmx markerX=0 markerFeet=64 spawnFeet=80 plane=80 windowTops=[80]
PISTON map=L05S07.tmx x=240 markerY=16 groundY=80
PISTON map=L05S07.tmx x=352 markerY=16 groundY=80
PISTON map=L05S07.tmx x=464 markerY=16 groundY=80
PLANESRC map=L05S08.tmx cells=102 plane=80
RECTS map=L05S08.tmx count=15 coords=384.0,224.0,176.0,16.0;384.0,208.0,176.0,16.0;384.0,192.0,64.0,16.0;384.0,176.0,64.0,16.0;384.0,160.0,64.0,16.0;384.0,144.0,64.0,16.0;176.0,128.0,64.0,16.0;384.0,128.0,64.0,16.0;176.0,112.0,64.0,16.0;384.0,112.0,64.0,16.0;160.0,96.0,64.0,16.0;384.0,96.0,64.0,16.0;160.0,80.0,64.0,16.0;384.0,80.0,64.0,16.0;0.0,64.0,512.0,16.0
SPAWN map=L05S08.tmx markerX=0 markerFeet=64 spawnFeet=80 plane=80 windowTops=[80]
PLANESRC map=L05S09.tmx cells=142 plane=80
RECTS map=L05S09.tmx count=19 coords=0.0,224.0,368.0,16.0;0.0,208.0,368.0,16.0;96.0,192.0,64.0,16.0;384.0,192.0,64.0,16.0;96.0,176.0,64.0,16.0;384.0,176.0,64.0,16.0;96.0,160.0,64.0,16.0;384.0,160.0,64.0,16.0;96.0,144.0,64.0,16.0;384.0,144.0,64.0,16.0;96.0,128.0,64.0,16.0;384.0,128.0,64.0,16.0;96.0,112.0,64.0,16.0;384.0,112.0,64.0,16.0;96.0,96.0,64.0,16.0;384.0,96.0,64.0,16.0;96.0,80.0,64.0,16.0;384.0,80.0,64.0,16.0;0.0,64.0,512.0,16.0
SPAWN map=L05S09.tmx markerX=0 markerFeet=64 spawnFeet=80 plane=80 windowTops=[80]
PLANESRC map=L05S10.tmx cells=173 plane=80
RECTS map=L05S10.tmx count=26 coords=224.0,336.0,80.0,16.0;224.0,320.0,80.0,16.0;224.0,304.0,80.0,16.0;224.0,288.0,80.0,16.0;224.0,272.0,80.0,16.0;0.0,224.0,288.0,16.0;432.0,224.0,128.0,16.0;0.0,208.0,288.0,16.0;432.0,208.0,128.0,16.0;96.0,192.0,64.0,16.0;384.0,192.0,64.0,16.0;96.0,176.0,64.0,16.0;384.0,176.0,64.0,16.0;96.0,160.0,64.0,16.0;384.0,160.0,64.0,16.0;96.0,144.0,64.0,16.0;384.0,144.0,64.0,16.0;96.0,128.0,64.0,16.0;384.0,128.0,64.0,16.0;96.0,112.0,64.0,16.0;384.0,112.0,64.0,16.0;96.0,96.0,64.0,16.0;384.0,96.0,64.0,16.0;96.0,80.0,64.0,16.0;384.0,80.0,64.0,16.0;0.0,64.0,512.0,16.0
SPAWN map=L05S10.tmx markerX=0 markerFeet=64 spawnFeet=80 plane=80 windowTops=[80]
PLANESRC map=L05S11.tmx cells=64 plane=80
RECTS map=L05S11.tmx count=9 coords=96.0,192.0,64.0,16.0;96.0,176.0,64.0,16.0;96.0,160.0,64.0,16.0;96.0,144.0,64.0,16.0;96.0,128.0,64.0,16.0;96.0,112.0,64.0,16.0;96.0,96.0,64.0,16.0;96.0,80.0,64.0,16.0;0.0,64.0,512.0,16.0
SPAWN map=L05S11.tmx markerX=0 markerFeet=64 spawnFeet=80 plane=80 windowTops=[80]
BEAM map=L05S11.tmx boxes=2 fields=1 groups=[0+1]
PLANESRC map=L05S12.tmx cells=64 plane=48
RECTS map=L05S12.tmx count=4 coords=80.0,80.0,480.0,16.0;0.0,64.0,512.0,16.0;80.0,48.0,16.0,16.0;80.0,32.0,16.0,16.0
SPAWN map=L05S12.tmx markerX=0 markerFeet=64 spawnFeet=80 plane=48 windowTops=[80]
PLANESRC map=L05S13.tmx cells=140 plane=80
RECTS map=L05S13.tmx count=14 coords=288.0,240.0,272.0,16.0;288.0,208.0,272.0,16.0;400.0,192.0,48.0,16.0;400.0,176.0,48.0,16.0;96.0,160.0,80.0,16.0;192.0,160.0,80.0,16.0;400.0,160.0,48.0,16.0;96.0,144.0,80.0,16.0;192.0,144.0,80.0,16.0;400.0,144.0,48.0,16.0;96.0,128.0,80.0,16.0;192.0,128.0,80.0,16.0;0.0,80.0,512.0,16.0;0.0,64.0,512.0,16.0
SPAWN map=L05S13.tmx markerX=0 markerFeet=64 spawnFeet=80 plane=80 windowTops=[80]
PLANESRC map=L05S14.tmx cells=140 plane=80
RECTS map=L05S14.tmx count=8 coords=0.0,240.0,512.0,16.0;0.0,208.0,512.0,16.0;240.0,192.0,48.0,16.0;240.0,176.0,48.0,16.0;240.0,160.0,48.0,16.0;240.0,144.0,48.0,16.0;0.0,80.0,512.0,16.0;0.0,64.0,512.0,16.0
SPAWN map=L05S14.tmx markerX=0 markerFeet=64 spawnFeet=80 plane=80 windowTops=[80]
PLANESRC map=L05S15.tmx cells=78 plane=48
RECTS map=L05S15.tmx count=10 coords=0.0,240.0,128.0,16.0;0.0,208.0,128.0,16.0;96.0,192.0,48.0,16.0;96.0,176.0,48.0,16.0;96.0,160.0,48.0,16.0;96.0,144.0,48.0,16.0;0.0,80.0,208.0,16.0;0.0,64.0,208.0,16.0;192.0,48.0,368.0,16.0;192.0,32.0,16.0,16.0
SPAWN map=L05S15.tmx markerX=0 markerFeet=64 spawnFeet=80 plane=48 windowTops=[80]
PISTON map=L05S15.tmx x=464 markerY=0 groundY=64
BEAM map=L05S15.tmx boxes=2 fields=1 groups=[0+1]
PLANESRC map=L05S16.tmx cells=23 plane=64
RECTS map=L05S16.tmx count=1 coords=0.0,48.0,368.0,16.0
SPAWN map=L05S16.tmx markerX=0 markerFeet=64 spawnFeet=64 plane=64 windowTops=[64]
PLANESRC map=L05S17.tmx cells=83 plane=64
RECTS map=L05S17.tmx count=8 coords=208.0,240.0,352.0,16.0;208.0,192.0,48.0,16.0;208.0,176.0,48.0,16.0;208.0,160.0,48.0,16.0;208.0,144.0,48.0,16.0;192.0,80.0,368.0,16.0;192.0,64.0,368.0,16.0;0.0,48.0,48.0,16.0
SPAWN map=L05S17.tmx markerX=0 markerFeet=64 spawnFeet=64 plane=64 windowTops=[64]
BEAM map=L05S17.tmx boxes=2 fields=1 groups=[1+0]
PLANESRC map=L05S18.tmx cells=79 plane=48
RECTS map=L05S18.tmx count=9 coords=0.0,240.0,512.0,16.0;112.0,192.0,48.0,16.0;112.0,176.0,48.0,16.0;112.0,160.0,48.0,16.0;112.0,144.0,48.0,16.0;144.0,80.0,16.0,16.0;0.0,64.0,512.0,16.0;144.0,48.0,16.0,16.0;144.0,32.0,16.0,16.0
SPAWN map=L05S18.tmx markerX=0 markerFeet=64 spawnFeet=80 plane=48 windowTops=[80]
PISTON map=L05S18.tmx x=224 markerY=16 groundY=80
PISTON map=L05S18.tmx x=384 markerY=16 groundY=80
PLANESRC map=L05S19.tmx cells=70 plane=80
RECTS map=L05S19.tmx count=9 coords=0.0,240.0,96.0,16.0;48.0,192.0,128.0,16.0;288.0,144.0,64.0,16.0;288.0,128.0,64.0,16.0;416.0,128.0,64.0,16.0;288.0,112.0,64.0,16.0;416.0,112.0,64.0,16.0;416.0,96.0,64.0,16.0;0.0,64.0,512.0,16.0
SPAWN map=L05S19.tmx markerX=0 markerFeet=64 spawnFeet=80 plane=80 windowTops=[80]
PLANESRC map=L05S20.tmx cells=32 plane=80
RECTS map=L05S20.tmx count=1 coords=0.0,64.0,512.0,16.0
SPAWN map=L05S20.tmx markerX=0 markerFeet=64 spawnFeet=80 plane=80 windowTops=[80]
PLANESRC map=L05S21.tmx cells=181 plane=48
RECTS map=L05S21.tmx count=25 coords=400.0,272.0,64.0,16.0;400.0,256.0,64.0,16.0;384.0,240.0,64.0,16.0;384.0,224.0,64.0,16.0;192.0,208.0,368.0,16.0;192.0,192.0,368.0,16.0;192.0,176.0,64.0,16.0;432.0,176.0,64.0,16.0;192.0,160.0,64.0,16.0;432.0,160.0,64.0,16.0;192.0,144.0,64.0,16.0;432.0,144.0,64.0,16.0;192.0,128.0,64.0,16.0;432.0,128.0,64.0,16.0;192.0,112.0,64.0,16.0;432.0,112.0,64.0,16.0;192.0,96.0,64.0,16.0;432.0,96.0,64.0,16.0;192.0,80.0,64.0,16.0;432.0,80.0,64.0,16.0;0.0,64.0,144.0,16.0;192.0,64.0,64.0,16.0;432.0,64.0,64.0,16.0;144.0,48.0,368.0,16.0;144.0,32.0,368.0,16.0
SPAWN map=L05S21.tmx markerX=0 markerFeet=64 spawnFeet=80 plane=48 windowTops=[80]
PLANESRC map=L05S22.tmx cells=188 plane=48
RECTS map=L05S22.tmx count=28 coords=320.0,272.0,64.0,16.0;320.0,256.0,64.0,16.0;304.0,240.0,64.0,16.0;304.0,224.0,64.0,16.0;0.0,208.0,368.0,16.0;0.0,192.0,368.0,16.0;48.0,176.0,64.0,16.0;416.0,176.0,64.0,16.0;48.0,160.0,64.0,16.0;416.0,160.0,64.0,16.0;48.0,144.0,64.0,16.0;416.0,144.0,64.0,16.0;48.0,128.0,64.0,16.0;416.0,128.0,64.0,16.0;48.0,112.0,64.0,16.0;320.0,112.0,64.0,16.0;416.0,112.0,64.0,16.0;48.0,96.0,64.0,16.0;320.0,96.0,64.0,16.0;416.0,96.0,64.0,16.0;48.0,80.0,64.0,16.0;304.0,80.0,64.0,16.0;416.0,80.0,64.0,16.0;48.0,64.0,64.0,16.0;304.0,64.0,64.0,16.0;416.0,64.0,64.0,16.0;0.0,48.0,368.0,16.0;0.0,32.0,368.0,16.0
SPAWN map=L05S22.tmx markerX=0 markerFeet=64 spawnFeet=64 plane=48 windowTops=[48;64]
PLANESRC map=L05S23.tmx cells=101 plane=48
RECTS map=L05S23.tmx count=13 coords=288.0,256.0,128.0,16.0;448.0,256.0,112.0,16.0;224.0,224.0,128.0,16.0;96.0,176.0,64.0,16.0;96.0,160.0,64.0,16.0;96.0,144.0,64.0,16.0;96.0,128.0,64.0,16.0;96.0,112.0,64.0,16.0;96.0,96.0,64.0,16.0;96.0,80.0,64.0,16.0;96.0,64.0,64.0,16.0;0.0,48.0,368.0,16.0;0.0,32.0,368.0,16.0
SPAWN map=L05S23.tmx markerX=0 markerFeet=64 spawnFeet=64 plane=48 windowTops=[48;64]
PISTON map=L05S23.tmx x=176 markerY=0 groundY=64
PISTON map=L05S23.tmx x=288 markerY=0 groundY=64
PISTON map=L05S23.tmx x=400 markerY=0 groundY=48
PLANESRC map=L05S24.tmx cells=117 plane=80
RECTS map=L05S24.tmx count=16 coords=0.0,256.0,128.0,16.0;336.0,240.0,224.0,16.0;336.0,224.0,224.0,16.0;64.0,208.0,128.0,16.0;336.0,192.0,64.0,16.0;336.0,176.0,64.0,16.0;336.0,160.0,64.0,16.0;336.0,144.0,64.0,16.0;80.0,128.0,80.0,16.0;336.0,128.0,64.0,16.0;80.0,112.0,80.0,16.0;336.0,112.0,64.0,16.0;80.0,96.0,80.0,16.0;336.0,96.0,64.0,16.0;336.0,80.0,64.0,16.0;144.0,64.0,416.0,16.0
SPAWN map=L05S24.tmx markerX=0 markerFeet=64 spawnFeet=64 plane=80 windowTops=[]
PLANESRC map=L05S25.tmx cells=99 plane=48
RECTS map=L05S25.tmx count=13 coords=0.0,240.0,144.0,16.0;96.0,192.0,64.0,16.0;96.0,176.0,64.0,16.0;96.0,160.0,64.0,16.0;96.0,144.0,64.0,16.0;96.0,128.0,64.0,16.0;96.0,112.0,64.0,16.0;96.0,96.0,64.0,16.0;96.0,80.0,64.0,16.0;176.0,80.0,384.0,16.0;0.0,64.0,512.0,16.0;176.0,48.0,16.0,16.0;176.0,32.0,16.0,16.0
SPAWN map=L05S25.tmx markerX=0 markerFeet=64 spawnFeet=80 plane=48 windowTops=[80]
SUMMARY maps_ok=125 failed=0
